image_width: 1440
image_height: 1080
camera_name: narrow_stereo
camera_matrix:
  rows: 3
  cols: 3
  data: [2368.766231, 0.000000, 706.793310,
        0.000000, 2367.202697, 532.480930,
        0.000000, 0.000000, 1.000000]
distortion_model: plumb_bob
distortion_coefficients:
  rows: 1
  cols: 5
  data: [-0.002312, -0.319959, 0.000121, 0.000686, 0.000000]
rectification_matrix:
  rows: 3
  cols: 3
  data: [1.000000, 0.000000, 0.000000,
         0.000000, 1.000000, 0.000000,
         0.000000, 0.000000, 1.000000]
projection_matrix:
  rows: 3
  cols: 4
  data: [2360.102539, 0.000000, 706.606405, 0.000000,
         0.000000, 2362.685303, 532.004797, 0.000000,
         0.000000, 0.000000, 1.000000, 0.000000]
