image_width: 1440
image_height: 1080
camera_name: narrow_stereo
camera_matrix:
  rows: 3
  cols: 3
  data: [2364.342319, 0.000000, 727.543849,
        0.000000, 2362.264848, 521.499578,
        0.000000, 0.000000, 1.000000]
distortion_model: plumb_bob
distortion_coefficients:
  rows: 1
  cols: 5
  data: [-0.047313, -0.035306, -0.000074, 0.001855, 0.000000]
rectification_matrix:
  rows: 3
  cols: 3
  data: [1.000000, 0.000000, 0.000000,
         0.000000, 1.000000, 0.000000,
         0.000000, 0.000000, 1.000000]
projection_matrix:
  rows: 3
  cols: 4
  data: [2351.387207, 0.000000, 728.359615, 0.000000,
         0.000000, 2353.945068, 520.887614, 0.000000,
         0.000000, 0.000000, 1.000000, 0.000000]
