image_width: 1440
image_height: 1080
camera_name: narrow_stereo
camera_matrix:
  rows: 3
  cols: 3
  data: [1776.412122, 0.000000, 672.207667,
        0.000000, 1777.104639, 532.854216,
        0.000000, 0.000000, 1.000000]
distortion_model: plumb_bob
distortion_coefficients:
  rows: 1
  cols: 5
  data: [-0.069203, -0.030870, 0.001497, -0.001824, 0.000000]
rectification_matrix:
  rows: 3
  cols: 3
  data: [1.000000, 0.000000, 0.000000,
         0.000000, 1.000000, 0.000000,
         0.000000, 0.000000, 1.000000]
projection_matrix:
  rows: 3
  cols: 4
  data: [1751.968506, 0.000000, 668.735166, 0.000000,
         0.000000, 1763.282104, 533.026160, 0.000000,
         0.000000, 0.000000, 1.000000, 0.000000]
